2211
2269
2280
2286
2432
2560
2591
2439
2467
2289
2292
2457
2477
2840
2845
2797
2440
2099
2329
2832
2977
2603
2872
2839
2601
2652
2598
2913
3089
2817
2545
2108
1973
2393
2407
2547
2615
2028
1760
1605
1742
2114
1968
1987
1958
1637
1636
1683
1635
1554
1553
1806
1918
1991
2059
1880
1804
1878
2120
2216
1906
2134
2571
2404
2418
2528
2368
2402
2664
2751
2673
2543
2428
2472
2544
2886
2920
2623
2456
2327
2689
2922
2837
2690
2511
2531
2584
2677
2720
2852
2957
2733
2376
2292
2734
3013
2884
2780
2802
2765
2480
2226
2234
2314
2375
2432
2232
2138
2283
2289
2221
2055
2059
2235
2077
2065
2226
2113
2132
2239
2377
2390
2201
2245
2413
2446
2475
2380
2321
2382
2336
2322
2231
2035
2011
2248
2347
2199
2188
2264
2282
2380
2368
2311
2335
2323
2282
2059
2003
2105
2116
2171
2079
1928
1984
2037
1979
1956
1863
2024
2246
2178
2118
1760
1662
1960
2075
2157
2204
2075
1862
1865
1973
2256
2314
2126
2130
2147
2333
2444
2585
2749
2689
2493
2078
2044
2165
2235
2441
2417
2338
2247
2072
1802
1740
1842
2031
2266
2216
2122
1902
1772
1873
2022
2131
2198
2418
2467
2318
2221
2368
2523
2523
2501
2446
2406
2445
2812
2892
2515
2345
2376
2416
2207
1927
2005
2186
2074
1901
1965
1971
1965
2030
1976
2004
2068
2156
2200
2330
2391
2117
1983
2082
2268
2274
2205
2093
1904
1990
2042
1864
1680
1572
1626
1824
1615
1407
1462
1347
1664
1706
1391
1477
1460
1708
2031
2184
2595
2368
2128
2342
2301
2354
2314
2519
2732
2787
2629
2437
2612
2629
2837
2557
2068
2010
1824
2184
2506
2236
2354
2084
1805
1912
1698
1774
1585
1679
2004
2083
2417
2056
1738
1820
1633
1653
1698
1561
1418
1516
1812
2046
2143
1731
1349
1476
1732
2190
2198
2029
1875
1466
1747
2120
2359
2365
2063
2065
2253
2446
2574
2459
2042
2032
2266
2528
2705
2456
2178
1980
2085
2353
2416
2388
2027
1882
2105
2050
2062
1928
1691
1621
1461
1570
1722
1688
1658
1634
1692
1540
1503
1758
1766
1917
2034
1820
1681
1518
1794
2057
2187
2510
2184
1969
2072
2137
2258
2168
2148
2127
2155
2230
2103
1955
1940
2142
2378
2324
2147
2009
2096
2240
2160
2174
1946
1782
1817
1680
1758
1673
1550
1482
1316
1280
1249
1229
1075
996
886
814
931
883
888
869
918
888
768
687
621
859
982
985
1008
1143
1327
1407
1525
1486
1591
1867
1985
2023
2001
1969
2004
2074
2184
2159
1957
1889
1962
2069
2055
1847
1582
1413
1270
1109
1047
1072
1132
1037
844
606
503
586
520
585
533
409
413
231
348
332
350
602
583
657
598
613
649
563
513
486
764
978
988
936
965
1035
1208
1480
1469
1435
1483
1593
1633
1558
1601
1617
1475
1408
1633
1714
1592
1421
1185
1236
1294
1347
1339
1137
1161
1099
918
927
939
754
748
832
736
715
668
649
686
599
350
327
358
378
579
424
250
118
-51
-33
54
223
162
197
357
380
319
303
518
542
570
688
628
668
924
1044
1138
1322
1155
965
1050
1226
1502
1490
1334
1157
1015
1333
1335
1158
1099
926
947
912
824
759
710
752
611
433
334
421
561
452
389
173
114
157
216
383
253
241
274
201
9
-26
99
160
236
59
223
224
-33
29
-231
-188
13
-51
-55
-145
-216
-64
109
191
294
115
-219
-353
-49
141
339
697
364
17
-223
-269
144
354
489
352
194
279
179
200
281
259
191
33
-11
-13
51
108
25
23
-221
-442
-324
-171
52
82
-12
-108
-288
-114
197
216
175
51
23
136
234
429
454
412
451
286
101
15
100
337
269
128
-41
-382
-302
-69
-73
-211
-423
-407
-456
-517
-466
-580
-512
-471
-514
-381
-372
-401
-318
-306
-403
-341
-305
-304
-94
9
117
8
-117
-31
3
152
196
304
292
201
189
23
-29
34
125
51
-10
-137
-304
-241
-283
-346
-564
-775
-836
-936
-804
-745
-977
-1142
-1120
-1087
-1093
-1120
-945
-843
-1081
-1233
-1160
-1002
-838
-571
-554
-598
-522
-627
-411
-124
-204
-183
-62
50
82
-19
-1
42
45
69
154
209
155
81
-39
-107
-10
153
228
212
107
35
27
-80
-147
-189
-274
-214
-70
-172
-389
-599
-810
-755
-595
-506
-563
-743
-824
-796
-784
-789
-729
-655
-619
-652
-756
-914
-962
-929
-808
-651
-469
-261
-347
-308
-351
-434
-356
-443
-231
-75
-15
69
6
-62
-108
34
-18
-120
-30
-23
-115
-236
-412
-557
-579
-645
-643
-665
-698
-711
-808
-929
-1060
-1181
-1267
-1258
-1327
-1281
-1188
-1192
-1194
-1303
-1313
-1347
-1349
-1243
-1210
-1146
-1123
-1102
-997
-826
-628
-478
-450
-504
-422
-412
-428
-296
-352
-381
-241
-56
5
-30
-60
-158
-88
-198
-292
-319
-370
-221
-322
-275
-294
-462
-491
-608
-613
-623
-523
-543
-733
-783
-734
-768
-907
-803
-855
-918
-954
-1068
-939
-1002
-989
-983
-1068
-1148
-1179
-974
-895
-777
-920
-1133
-1110
-1042
-983
-994
-895
-879
-656
-478
-636
-859
-986
-798
-768
-788
-657
-617
-589
-585
-576
-683
-799
-791
-803
-784
-735
-801
-870
-750
-717
-743
-740
-950
-937
-809
-946
-838
-851
-905
-823
-827
-679
-789
-808
-737
-882
-985
-1123
-1097
-1082
-1083
-1030
-1237
-1312
-1179
-1114
-1130
-1421
-1589
-1430
-1490
-1440
-1316
-1381
-1288
-1093
-949
-1155
-1254
-997
-740
-532
-608
-623
-511
-519
-558
-337
-170
-375
-257
-162
-268
-308
-198
-22
1
-8
-208
-275
-142
-48
10
-39
-239
-355
-415
-429
-371
-452
-428
-498
-588
-671
-891
-957
-857
-761
-805
-897
-1187
-1340
-1229
-1150
-1022
-1100
-1343
-1453
-1352
-1232
-1237
-1228
-1114
-983
-896
-971
-1034
-930
-980
-866
-678
-694
-700
-654
-521
-442
-275
-144
-203
-357
-504
-472
-286
-91
-141
-266
-281
-187
-124
-220
-438
-560
-301
-125
-91
-221
-472
-534
-624
-574
-538
-532
-447
-467
-471
-547
-621
-529
-386
-364
-497
-567
-584
-537
-464
-476
-545
-713
-721
-687
-638
-684
-901
-892
-867
-762
-848
-1006
-1052
-1313
-1176
-1124
-1131
-754
-702
-738
-775
-960
-1011
-935
-832
-796
-754
-767
-894
-993
-995
-862
-853
-939
-1016
-966
-849
-914
-931
-1043
-1083
-1007
-940
-818
-953
-1006
-942
-993
-918
-856
-793
-708
-837
-1034
-1191
-1240
-1172
-1083
-1050
-1112
-1220
-1244
-1170
-1367
-1550
-1480
-1538
-1530
-1436
-1506
-1587
-1556
-1490
-1488
-1497
-1474
-1436
-1384
-1343
-1376
-1544
-1633
-1578
-1346
-1201
-1229
-1188
-1449
-1561
-1402
-1476
-1583
-1596
-1526
-1432
-1451
-1616
-1587
-1567
-1660
-1684
-1741
-1627
-1571
-1656
-1699
-1779
-1810
-1667
-1514
-1470
-1453
-1560
-1720
-1754
-1705
-1789
-1731
-1568
-1556
-1581
-1694
-1674
-1687
-1659
-1680
-1916
-1901
-1819
-1701
-1738
-1989
-2013
-1954
-2013
-2152
-2307
-2393
-2298
-2126
-2052
-2049
-2203
-2407
-2403
-2365
-2308
-2324
-2404
-2379
-2257
-2183
-2291
-2493
-2656
-2384
-2184
-2282
-2444
-2684
-2755
-2737
-2535
-2560
-2714
-2641
-2685
-2619
-2638
-3018
-3113
-2891
-2717
-2595
-2605
-2686
-2750
-2721
-2731
-2694
-2820
-2916
-2674
-2613
-2475
-2507
-2694
-2615
-2527
-2293
-2134
-2309
-2405
-2274
-2067
-1961
-2007
-2095
-2295
-2114
-1831
-1962
-2171
-2348
-2183
-1996
-1946
-2013
-2367
-2395
-2356
-2457
-2506
-2834
-2938
-2879
-2882
-2951
-3301
-3465
-3531
-3404
-3171
-3332
-3529
-3660
-3563
-3395
-3506
-3492
-3459
-3286
-3088
-3162
-3253
-3458
-3328
-3089
-2964
-2787
-3002
-3235
-3113
-2852
-2900
-2938
-3009
-3044
-2791
-2829
-2851
-2909
-2884
-2691
-2670
-2903
-3066
-3052
-3015
-2790
-2876
-2992
-3054
-3076
-2860
-2967
-3248
-3322
-3258
-3206
-3244
-3521
-3756
-3702
-3540
-3450
-3575
-3686
-3792
-3800
-3635
-3724
-3701
-3716
-4047
-4011
-3912
-3847
-3693
-3698
-3852
-3832
-3539
-3567
-3614
-3692
-3776
-3619
-3649
-3461
-3300
-3344
-3123
-3020
-3011
-3092
-3024
-2637
-2405
-2424
-2645
-2795
-2800
-2485
-2479
-2766
-2805
-2997
-2885
-2765
-3120
-3313
-3280
-3229
-3155
-3454
-3761
-3922
-4092
-4021
-4267
-4577
-4504
-4246
-4000
-4047
-4213
-4388
-4264
-3861
-3928
-4300
-4438
-4275
-3926
-3856
-4111
-4354
-4473
-4102
-3834
-3924
-3794
-3901
-3852
-3765
-3958
-3860
-3712
-3647
-3728
-3851
-3794
-3649
-3521
-3239
-3068
-3220
-3193
-3043
-3068
-3192
-3311
-3321
-3078
-3031
-3203
-3413
-3566
-3374
-3281
-3418
-3674
-3878
-3703
-3542
-3813
-4072
-4330
-4493
-4280
-4186
-4295
-4420
-4546
-4553
-4283
-4114
-4106
-4135
-4253
-4117
-4059
-4178
-4201
-4222
-4157
-3929
-3868
-4100
-3934
-3776
-3809
-3994
-4349
-4070
-3662
-3566
-3847
-4299
-4438
-4143
-3841
-3873
-4087
-4240
-4102
-4025
-3992
-4138
-4321
-4263
-3981
-3819
-4064
-4284
-4363
-3990
-3709
-4068
-4479
-4335
-3771
-3577
-3627
-4150
-4803
-4709
-4375
-3782
-3495
-4189
-4784
-4584
-4251
-4157
-4177
-4308
-4312
-4141
-3914
-3885
-4097
-4354
-4300
-4008
-4032
-4272
-4375
-4218
-4220
-4304
-4375
-4368
-4165
-4254
-4448
-4598
-4640
-4577
-4519
-4552
-4752
-4767
-4522
-4359
-4427
-4670
-4834
-4650
-4330
-4197
-4360
-4449
-4369
-4305
-4222
-4300
-4301
-3963
-3682
-3828
-4161
-4237
-3887
-3640
-3823
-3997
-4132
-4064
-3926
-4004
-4288
-4425
-4258
-4006
-3859
-4280
-4459
-4377
-4237
-4191
-4624
-4658
-4639
-4484
-4513
-4858
-5026
-5313
-5040
-4833
-4906
-5082
-5470
-5347
-5110
-5001
-4901
-4828
-4975
-5049
-4701
-4631
-4643
-4678
-4838
-4655
-4362
-4200
-4173
-4328
-4478
-4389
-4147
-4103
-4244
-4167
-3928
-3824
-4105
-4525
-4618
-4416
-4285
-4430
-4478
-4624
-4770
-4611
-4681
-4843
-4996
-5019
-4867
-4900
-4941
-5077
-5203
-5129
-4994
-4897
-4953
-5062
-5148
-5114
-4876
-4754
-5005
-5214
-5157
-5107
-5017
-5020
-5042
-5044
-5131
-4820
-4671
-4735
-4578
-4622
-4590
-4680
-4753
-4572
-4527
-4193
-3964
-3886
-3763
-4023
-3953
-3707
-3741
-3955
-4261
-4200
-3910
-3860
-4223
-4513
-4540
-4384
-4116
-4093
-4389
-4908
-5104
-4889
-4630
-4692
-5172
-5274
-5187
-5230
-5083
-5208
-5512
-5431
-5201
-5056
-5317
-5839
-5994
-5725
-5296
-5309
-5410
-5402
-5505
-5335
-5325
-5534
-5597
-5485
-5183
-5092
-5384
-5689
-5560
-5189
-5067
-5172
-5468
-5472
-5047
-4770
-4713
-4982
-5183
-5036
-4635
-4293
-4478
-4692
-4880
-4633
-4205
-4395
-4330
-4555
-4749
-4155
-4108
-4258
-4403
-4495
-4428
-4182
-3949
-4236
-4115
-4320
-4604
-4515
-4950
-5191
-5041
-5056
-5223
-5160
-5276
-5384
-5239
-5280
-5302
-5386
-5352
-5239
-5151
-5050
-5267
-5498
-5360
-5229
-5230
-4987
-5062
-5004
-4696
-4949
-4916
-4784
-4881
-4784
-4740
-4774
-4792
-4713
-4752
-4856
-4815
-4757
-4527
-4364
-4221
-4223
-4307
-4265
-4380
-4301
-4369
-4427
-4388
-4430
-4430
-4639
-4640
-4567
-4481
-4399
-4518
-4523
-4479
-4595
-4905
-5203
-5278
-5238
-5195
-5157
-5256
-5357
-5326
-5351
-5371
-5269
-5140
-5185
-5396
-5479
-5414
-5254
-5191
-5325
-5358
-5332
-5356
-5365
-5261
-4935
-4647
-4631
-4641
-4675
-4650
-4495
-4337
-4170
-4223
-4293
-4274
-4103
-3854
-3965
-4011
-3859
-3790
-3704
-3662
-3671
-3751
-3828
-3875
-3995
-3825
-3721
-3887
-3928
-4123
-4215
-4178
-4074
-3942
-3995
-3947
-4091
-4255
-4338
-4535
-4517
-4381
-4340
-4467
-4554
-4543
-4582
-4739
-4840
-4911
-5005
-4942
-4980
-5098
-5261
-5366
-5321
-5409
-5267
-5103
-5258
-5162
-5105
-5114
-4868
-4791
-4812
-4675
-4594
-4533
-4503
-4570
-4504
-4382
-4205
-4106
-4013
-4025
-4281
-4179
-4054
-4060
-3947
-4002
-4029
-4044
-4184
-4320
-4257
-3986
-3866
-3945
-4143
-4346
-4367
-4347
-4445
-4399
-4388
-4522
-4494
-4504
-4486
-4350
-4364
-4360
-4326
-4364
-4284
-4331
-4362
-4317
-4393
-4295
-4219
-4228
-4344
-4597
-4589
-4484
-4381
-4216
-4266
-4508
-4578
-4490
-4302
-4034
-4173
-4290
-4214
-4215
-4017
-4032
-4247
-4254
-4011
-3862
-3886
-3842
-3802
-3632
-3526
-3680
-3798
-3804
-3793
-3679
-3621
-3672
-3852
-4113
-4142
-4109
-3980
-3943
-3993
-4029
-4105
-4036
-4086
-4023
-3989
-3944
-3860
-4077
-4054
-4034
-4102
-4073
-4135
-4171
-4170
-4221
-4232
-4285
-4524
-4554
-4621
-4666
-4591
-4691
-4611
-4751
-4891
-4832
-4885
-4657
-4494
-4408
-4522
-4765
-4753
-4663
-4412
-4316
-4373
-4416
-4246
-4103
-4206
-4026
-4021
-4232
-4011
-3961
-3873
-3529
-3673
-3950
-4118
-4035
-3682
-3363
-3274
-3523
-3779
-3815
-3727
-3573
-3535
-3649
-3659
-3598
-3543
-3621
-3736
-3746
-3739
-3642
-3566
-3579
-3702
-3845
-3874
-3839
-3716
-3703
-3729
-3815
-4052
-4212
-4324
-4306
-4313
-4362
-4291
-4330
-4442
-4548
-4554
-4478
-4419
-4323
-4276
-4310
-4362
-4337
-4132
-3909
-3760
-3692
-3808
-3795
-3720
-3702
-3752
-3830
-3679
-3701
-3772
-3696
-3816
-3897
-3789
-3844
-3900
-3810
-3909
-4035
-4065
-4084
-4029
-4006
-4019
-3981
-3903
-3882
-4086
-4200
-4267
-4304
-4165
-4186
-4106
-4121
-4122
-3951
-4039
-4072
-4083
-4120
-4088
-3983
-4012
-4200
-4237
-4316
-4304
-4224
-4117
-4028
-4063
-4092
-4177
-4132
-4171
-4203
-4100
-4084
-3968
-3771
-3626
-3588
-3554
-3569
-3466
-3383
-3374
-3281
-3417
-3463
-3348
-3247
-3153
-3151
-3141
-3095
-3003
-2998
-3153
-3242
-3256
-3449
-3670
-3855
-4068
-3963
-3718
-3778
-3866
-3961
-4060
-4067
-4130
-3978
-3982
-4165
-4305
-4448
-4348
-4328
-4266
-4239
-4333
-4366
-4340
-4227
-4150
-4050
-4020
-3973
-3854
-3783
-3859
-3788
-3514
-3467
-3512
-3615
-3670
-3661
-3630
-3635
-3786
-3609
-3494
-3606
-3772
-3889
-3720
-3816
-3886
-3857
-3961
-3956
-3930
-3882
-3898
-3997
-4057
-4051
-4080
-4066
-4013
-3907
-3673
-3563
-3578
-3661
-3899
-3962
-3786
-3751
-3637
-3477
-3505
-3532
-3633
-3832
-3907
-3770
-3601
-3395
-3372
-3464
-3521
-3694
-3699
-3653
-3494
-3468
-3464
-3362
-3572
-3509
-3570
-3631
-3503
-3586
-3459
-3529
-3562
-3436
-3486
-3552
-3588
-3492
-3583
-3707
-3762
-3810
-3702
-3611
-3560
-3659
-3762
-3928
-3973
-3802
-3785
-3612
-3602
-3733
-3738
-3760
-3811
-3822
-3655
-3623
-3641
-3745
-3791
-3753
-3763
-3616
-3677
-3647
-3591
-3738
-3786
-3919
-4028
-4076
-3915
-3704
-3774
-3695
-3597
-3678
-3718
-3797
-3795
-3694
-3525
-3363
-3378
-3457
-3551
-3517
-3476
-3412
-3309
-3396
-3459
-3446
-3516
-3426
-3327
-3388
-3294
-3363
-3360
-3328
-3473
-3431
-3547
-3551
-3390
-3280
-3290
-3543
-3555
-3401
-3298
-3244
-3253
-3282
-3278
-3245
-3328
-3373
-3354
-3232
-3057
-3029
-3134
-3391
-3508
-3459
-3437
-3472
-3448
-3454
-3636
-3683
-3896
-4094
-4138
-4161
-4076
-4132
-4110
-4107
-4181
-4217
-4120
-4021
-4026
-3978
-3889
-3778
-3852
-3900
-3946
-3954
-3750
-3641
-3525
-3451
-3280
-3113
-3106
-3059
-3181
-3141
-2960
-2893
-2975
-3091
-3073
-2994
-2973
-2972
-2983
-3140
-3075
-3032
-3231
-3563
-3717
-3572
-3546
-3701
-3929
-3934
-3874
-3828
-3907
-4094
-4018
-3971
-3936
-4030
-4148
-4082
-4036
-3932
-3992
-4049
-3913
-3674
-3526
-3457
-3475
-3530
-3296
-3196
-3146
-3059
-3056
-2969
-2979
-2957
-2908
-2940
-2813
-2650
-2665
-2681
-2718
-2734
-2655
-2588
-2567
-2670
-2721
-2759
-2841
-2881
-2911
-2994
-3015
-2865
-2904
-3103
-3451
-3666
-3634
-3663
-3739
-3915
-3930
-3966
-4067
-4103
-4201
-4253
-4170
-4146
-4302
-4267
-4179
-4252
-4185
-4255
-4377
-4149
-3889
-3603
-3550
-3591
-3435
-3466
-3545
-3395
-3421
-3341
-3022
-3058
-3048
-3086
-3109
-3021
-2881
-2816
-2947
-3001
-3106
-3084
-2966
-2844
-2695
-2603
-2759
-2920
-2968
-2941
-2871
-2955
-2965
-3135
-3230
-3249
-3334
-3051
-2817
-2794
-2942
-3314
-3464
-3299
-3327
-3490
-3614
-3759
-3581
-3580
-3750
-3833
-3967
-3809
-3653
-3544
-3510
-3621
-3691
-3683
-3784
-3779
-3528
-3397
-3224
-3222
-3214
-3204
-3283
-3204
-3307
-3312
-3315
-3453
-3590
-3561
-3507
-3499
-3212
-3225
-3322
-3549
-3819
-3731
-3619
-3496
-3557
-3566
-3694
-3830
-3616
-3473
-3356
-3328
-3334
-3328
-3193
-3081
-3157
-3004
-3048
-3020
-3017
-3017
-2825
-2785
-2661
-2678
-2553
-2651
-2930
-2850
-2815
-2806
-2805
-3163
-3435
-3574
-3771
-3724
-3677
-3572
-3609
-3742
-3831
-3824
-3803
-3974
-4060
-4200
-4224
-4426
-4568
-4336
-4358
-4116
-4010
-3902
-3647
-3714
-3563
-3460
-3443
-3411
-3325
-3227
-3196
-3131
-3184
-3217
-3197
-3095
-2917
-3003
-2841
-2890
-3140
-3094
-3197
-3107
-3022
-2939
-2747
-2837
-3094
-3198
-3377
-3259
-3013
-2905
-2903
-3247
-3469
-3537
-3537
-3597
-3727
-3631
-3231
-3051
-3077
-3166
-3390
-3528
-3525
-3232
-3233
-3432
-3561
-3678
-3533
-3545
-3387
-3392
-3573
-3428
-3226
-3098
-3292
-3324
-3352
-3359
-3171
-3006
-2837
-2806
-2766
-2880
-2917
-2738
-2538
-2442
-2668
-2844
-2818
-2732
-2715
-2825
-2844
-2816
-2785
-2788
-2969
-3091
-3086
-3210
-3262
-3370
-3483
-3324
-3357
-3286
-3138
-3201
-3138
-3178
-3281
-3279
-3291
-3298
-3258
-3277
-3323
-3329
-3375
-3254
-3116
-3083
-3149
-3371
-3559
-3614
-3526
-3535
-3522
-3564
-3663
-3621
-3696
-3695
-3590
-3521
-3435
-3509
-3547
-3369
-3306
-3188
-3097
-3194
-3094
-3073
-3088
-3092
-3137
-2896
-2798
-2772
-2738
-2839
-2794
-2676
-2637
-2587
-2577
-2797
-2818
-2788
-2869
-2947
-2898
-2842
-2969
-2851
-2946
-3032
-3038
-3149
-3035
-3180
-3375
-3398
-3460
-3392
-3285
-3238
-3196
-3303
-3465
-3341
-3097
-3011
-2860
-2753
-2788
-2747
-2838
-3097
-3317
-3344
-3274
-3058
-2656
-2462
-2408
-2529
-2658
-2608
-2609
-2579
-2510
-2473
-2593
-2637
-2551
-2591
-2585
-2524
-2478
-2431
-2504
-2550
-2632
-2896
-2993
-3102
-3225
-3177
-3275
-3402
-3485
-3569
-3490
-3342
-3266
-3325
-3344
-3171
-3129
-3350
-3322
-3115
-3079
-3019
-3252
-3370
-3205
-3122
-2829
-2717
-2728
-2631
-2688
-2764
-2838
-2984
-3068
-2956
-2832
-2702
-2717
-2912
-2912
-2983
-2869
-2661
-2559
-2502
-2546
-2498
-2707
-2741
-2752
-2815
-2671
-2719
-2750
-2710
-2517
-2507
-2537
-2584
-2695
-2684
-2797
-2669
-2842
-2997
-2994
-3374
-3457
-3418
-3396
-3325
-3347
-3356
-3336
-3341
-3248
-2900
-2846
-3045
-3160
-3316
-3391
-3384
-3006
-2570
-2438
-2348
-2459
-2696
-2645
-2428
-2269
-2110
-2075
-2076
-2188
-2361
-2329
-2250
-2203
-2099
-2126
-2288
-2538
-2779
-2679
-2648
-2672
-2556
-2822
-3061
-3002
-2948
-2939
-3106
-3074
-3085
-3164
-3000
-3135
-3208
-3120
-3128
-2959
-2900
-2813
-2643
-2600
-2516
-2493
-2391
-2354
-2415
-2315
-2141
-2061
-2264
-2361
-2329
-2253
-2163
-2206
-2253
-2609
-2794
-2688
-2684
-2673
-2863
-3060
-3206
-3356
-3374
-3193
-3064
-2990
-2864
-2928
-2881
-2909
-2992
-2830
-2896
-2937
-2820
-2829
-2654
-2502
-2401
-2357
-2551
-2544
-2571
-2604
-2517
-2446
-2431
-2624
-2757
-2831
-2865
-2974
-3021
-2914
-2723
-2684
-2955
-2998
-3103
-3093
-2859
-2851
-2868
-2869
-2841
-2903
-2881
-2845
-2760
-2600
-2580
-2486
-2575
-2584
-2416
-2190
-1980
-2025
-2086
-2151
-2142
-2112
-2157
-2077
-1855
-1765
-1770
-1693
-1788
-2011
-2303
-2364
-2180
-2104
-1938
-1984
-2107
-2341
-2744
-2792
-2833
-2685
-2448
-2563
-2680
-2827
-2850
-2699
-2612
-2650
-2731
-2691
-2787
-2903
-2981
-2980
-2793
-2676
-2606
-2742
-2941
-3007
-2944
-2878
-2874
-2942
-3129
-3091
-2994
-2927
-2866
-2739
-2593
-2686
-2843
-3060
-3151
-3031
-2819
-2726
-2805
-2671
-2706
-2718
-2546
-2531
-2458
-2587
-2602
-2622
-2660
-2583
-2834
-2921
-2810
-2783
-2766
-2640
-2496
-2466
-2500
-2418
-2220
-2051
-1988
-2083
-2018
-1965
-1883
-1756
-1749
-1585
-1469
-1476
-1556
-1623
-1651
-1661
-1620
-1617
-1696
-1999
-2301
-2402
-2446
-2410
-2349
-2433
-2504
-2725
-3083
-3176
-3265
-3139
-2852
-2772
-2874
-3090
-3107
-3063
-2890
-2629
-2541
-2524
-2462
-2563
-2645
-2467
-2356
-2117
-1976
-1991
-2067
-2209
-2156
-2155
-1985
-1909
-2035
-2119
-2414
-2548
-2634
-2618
-2363
-2293
-2348
-2384
-2308
-2334
-2409
-2492
-2626
-2499
-2442
-2451
-2316
-2349
-2366
-2332
-2320
-2144
-2134
-2155
-2063
-2150
-2193
-2332
-2562
-2587
-2487
-2323
-2276
-2312
-2356
-2485
-2591
-2513
-2309
-2110
-2047
-2112
-2184
-2341
-2426
-2410
-2307
-2277
-2393
-2306
-2224
-2098
-2058
-2131
-2180
-2269
-2056
-2000
-1957
-1854
-1962
-1882
-1936
-1962
-1822
-1670
-1505
-1659
-1846
-1975
-2044
-2001
-2061
-1948
-1835
-1854
-1793
-1976
-2121
-2113
-2280
-2278
-2221
-2241
-2072
-2122
-2273
-2310
-2599
-2794
-2711
-2590
-2562
-2581
-2649
-2890
-3029
-2990
-2949
-2833
-2666
-2707
-2838
-2900
-2944
-2834
-2736
-2586
-2439
-2382
-2242
-2226
-2253
-2230
-2155
-2180
-2226
-2083
-2040
-2018
-1958
-1944
-1831
-1769
-1788
-1756
-1725
-1647
-1756
-1791
-1734
-1826
-1575
-1330
-1289
-1199
-1310
-1388
-1439
-1566
-1428
-1400
-1536
-1662
-1803
-1834
-1912
-1981
-2019
-1974
-2082
-2238
-2200
-2299
-2317
-2280
-2274
-2237
-2246
-2263
-2340
-2293
-2238
-2249
-2218
-2129
-1928
-1855
-1957
-1959
-1912
-2042
-2047
-2078
-2223
-2067
-1804
-1586
-1576
-1732
-1981
-2276
-2332
-2205
-1953
-1738
-1674
-1874
-2194
-2341
-2457
-2364
-2150
-1951
-1740
-1783
-2057
-2245
-2151
-1972
-1762
-1593
-1615
-1697
-1778
-1769
-1720
-1717
-1633
-1634
-1731
-1859
-2020
-2082
-2168
-2167
-2142
-2214
-2272
-2528
-2637
-2672
-2855
-2644
-2472
-2582
-2592
-2375
-2183
-2257
-2269
-2412
-2542
-2427
-2326
-2050
-1896
-1945
-1949
-2031
-2073
-2003
-1838
-1656
-1541
-1443
-1332
-1365
-1481
-1657
-1754
-1589
-1452
-1274
-1187
-1376
-1554
-1609
-1686
-1571
-1449
-1447
-1275
-1329
-1688
-2003
-2084
-1986
-1713
-1534
-1548
-1673
-1917
-1953
-2151
-2249
-1983
-1926
-1842
-1888
-2038
-2017
-2075
-1990
-1790
-1702
-1598
-1462
-1549
-1618
-1565
-1605
-1419
-1323
-1312
-1248
-1253
-1250
-1379
-1448
-1564
-1437
-1304
-1348
-1225
-1238
-1344
-1414
-1404
-1546
-1708
-1796
-1725
-1489
-1440
-1485
-1613
-1855
-2157
-2272
-2128
-1961
-1845
-1812
-1966
-2273
-2425
-2417
-2371
-2131
-1977
-2136
-2336
-2366
-2275
-2265
-2136
-2023
-2107
-2031
-1981
-2059
-1883
-1778
-1934
-1802
-1683
-1703
-1614
-1587
-1340
-1159
-1110
-1051
-1179
-1309
-1384
-1201
-912
-750
-795
-1010
-1287
-1553
-1504
-1203
-902
-878
-973
-1163
-1418
-1482
-1450
-1269
-1260
-1165
-1071
-1390
-1534
-1647
-1708
-1599
-1644
-1625
-1523
-1556
-1758
-1844
-1992
-2272
-2074
-1768
-1696
-1685
-1866
-2131
-2311
-2214
-1856
-1660
-1511
-1438
-1694
-1758
-1727
-1825
-1700
-1486
-1419
-1335
-1173
-1213
-1244
-1205
-1332
-1257
-1018
-945
-883
-621
-587
-896
-973
-1214
-1314
-1065
-911
-705
-705
-858
-1160
-1206
-1269
-1449
-1272
-1229
-1222
-1292
-1450
-1595
-1760
-1755
-1692
-1742
-1882
-1952
-2013
-2087
-2173
-2087
-1901
-1923
-2032
-2256
-2474
-2634
-2573
-2266
-2113
-1992
-2058
-2153
-1989
-2021
-1718
-1522
-1622
-1297
-1327
-1388
-1354
-1419
-1134
-937
-824
-664
-680
-784
-955
-1136
-1054
-764
-485
-378
-586
-936
-1389
-1494
-1444
-1428
-1146
-1242
-1505
-1767
-1959
-2161
-2309
-2130
-2050
-1855
-1782
-1815
-1781
-2098
-2237
-2016
-1815
-1495
-1337
-1510
-1667
-1930
-2016
-1585
-1279
-1247
-1300
-1572
-1796
-1832
-1622
-1232
-741
-318
-552
-869
-1339
-1729
-1374
-1153
-800
-526
-698
-900
-1317
-1518
-1527
-1425
-1047
-943
-839
-911
-1263
-1507
-1705
-1671
-1562
-1199
-1029
-1275
-1408
-1477
-1499
-1555
-1434
-1419
-1515
-1376
-1361
-1392
-1607
-1676
-1515
-1580
-1452
-1484
-1625
-1606
-1732
-1755
-1686
-1631
-1627
-1555
-1552
-1515
-1418
-1574
-1595
-1576
-1619
-1598
-1426
-1298
-1275
-1198
-1228
-1282
-1532
-1685
-1608
-1472
-1344
-1391
-1503
-1760
-2071
-2136
-1948
-1751
-1540
-1441
-1527
-1643
-1899
-2064
-1966
-1895
-1687
-1455
-1567
-1668
-1857
-2008
-1860
-1779
-1598
-1308
-1278
-1524
-1705
-1695
-1585
-1389
-1347
-1326
-1299
-1404
-1565
-1535
-1282
-1141
-926
-924
-1163
-1239
-1273
-1041
-692
-584
-495
-615
-907
-981
-945
-698
-525
-655
-770
-846
-1049
-1307
-1281
-1081
-903
-892
-1135
-1262
-1494
-1693
-1606
-1677
-1618
-1617
-1797
-1786
-1897
-1990
-1908
-1890
-1913
-1941
-1887
-1819
-1777
-1686
-1684
-1629
-1653
-1749
-1619
-1709
-1762
-1657
-1610
-1438
-1521
-1694
-1808
-1888
-1800
-1721
-1652
-1523
-1422
-1446
-1569
-1690
-1663
-1613
-1571
-1454
-1369
-1348
-1339
-1215
-1030
-1023
-1032
-976
-1176
-1254
-1051
-1054
-1025
-815
-753
-648
-593
-711
-818
-960
-888
-738
-692
-734
-777
-785
-840
-867
-1019
-1056
-1052
-1167
-1266
-1343
-1374
-1367
-1240
-1299
-1450
-1615
-1788
-1736
-1820
-1770
-1604
-1750
-1910
-1989
-2059
-2110
-1955
-1694
-1663
-1693
-1655
-1670
-1669
-1594
-1490
-1381
-1252
-1204
-1128
-1017
-996
-825
-690
-644
-581
-525
-429
-341
-417
-606
-548
-554
-562
-459
-420
-427
-544
-524
-572
-656
-707
-710
-591
-599
-604
-706
-841
-774
-655
-649
-698
-835
-898
-817
-858
-917
-951
-937
-1060
-1212
-1337
-1403
-1373
-1480
-1483
-1565
-1587
-1486
-1413
-1372
-1356
-1181
-1077
-983
-999
-1012
-985
-809
-468
-514
-585
-656
-742
-623
-426
-293
-219
-293
-481
-462
-447
-329
-153
-133
-265
-545
-713
-737
-737
-580
-353
-375
-458
-662
-836
-751
-722
-596
-595
-676
-704
-837
-916
-1053
-953
-910
-1014
-971
-1041
-1087
-1165
-1400
-1543
-1322
-1315
-1285
-1086
-1162
-1183
-1380
-1354
-1211
-1100
-686
-539
-653
-830
-955
-781
-531
-217
-43
-158
-241
-446
-471
-344
-123
147
209
171
11
-159
-351
-310
-195
-44
-109
-376
-623
-912
-763
-692
-571
-471
-511
-560
-866
-838
-787
-745
-536
-568
-693
-705
-873
-903
-732
-764
-434
-365
-672
-542
-431
-417
-493
-506
-402
-466
-420
-317
-362
-495
-657
-648
-690
-686
-313
-135
-158
-354
-671
-694
-663
-474
-338
-501
-599
-714
-823
-844
-927
-964
-921
-863
-845
-972
-1002
-948
-893
-762
-723
-744
-683
-414
-200
-161
-119
-192
-192
-10
216
487
608
458
370
289
175
300
287
159
96
-28
-123
-262
-386
-411
-425
-621
-724
-822
-1040
-1077
-1092
-1140
-1159
-1133
-1159
-1112
-1104
-1137
-1030
-880
-696
-586
-498
-505
-383
-166
-74
56
150
280
255
164
289
492
715
708
586
550
427
306
262
270
340
391
331
177
1
-186
-310
-362
-341
-198
-197
-376
-428
-397
-343
-342
-497
-578
-627
-683
-668
-843
-1002
-825
-534
-352
-370
-463
-569
-667
-650
-607
-559
-503
-461
-355
-345
-411
-301
-103
-52
-286
-247
94
318
518
480
529
690
693
629
588
750
834
785
754
711
691
702
615
432
284
186
313
437
205
-80
-290
-396
-281
-194
-234
-189
-257
-413
-385
-389
-446
-296
-252
-298
-145
-409
-462
-399
-476
-154
-203
-141
-115
-234
-113
-176
-219
-274
-42
166
109
47
-91
-132
-187
63
276
310
400
193
189
233
300
412
477
637
501
618
592
374
428
339
383
376
228
184
334
454
529
551
368
117
-132
-52
239
414
481
556
458
235
119
69
43
-49
-11
144
210
70
-69
35
37
-96
-94
-125
-161
-106
-118
-148
-206
-143
44
133
105
62
60
32
37
139
263
299
408
529
604
712
669
668
831
883
840
823
798
819
821
959
1199
1158
1013
905
663
493
512
475
388
365
316
90
-136
-161
-246
-366
-160
-90
-290
-442
-650
-535
-330
-354
-289
-259
-241
-356
-401
-229
-158
8
105
273
382
290
350
326
404
585
665
828
916
704
686
805
834
987
900
871
1004
1032
1060
1025
1051
960
878
1021
1021
823
797
840
695
570
419
459
536
395
492
463
284
255
105
130
244
319
295
201
153
-71
9
12
-115
42
119
134
181
335
301
280
345
290
284
185
234
343
398
524
627
639
566
545
640
730
928
1077
842
881
1001
884
792
702
745
764
816
801
690
653
712
693
521
432
276
308
315
191
220
166
170
184
285
291
148
137
103
143
216
387
490
383
480
670
781
856
951
1061
1219
1347
1392
1553
1549
1505
1682
1718
1541
1446
1424
1298
1253
1243
1221
1007
825
914
735
579
505
399
463
358
181
97
-84
-201
-178
-127
-58
-44
-70
-45
-22
-11
-28
-114
-144
-56
112
201
315
331
277
450
575
633
701
911
1122
1160
1196
1238
1277
1316
1304
1292
1440
1440
1365
1413
1468
1610
1508
1300
1217
1207
1305
1250
1206
1052
911
973
900
895
728
609
664
492
437
295
83
137
146
142
199
225
205
-44
-219
-277
-283
-123
17
130
110
185
171
73
254
426
681
874
897
845
768
950
1144
1365
1575
1548
1684
1744
1756
1761
1600
1812
1824
1642
1659
1500
1502
1484
1418
1329
1055
1009
971
883
998
950
626
550
518
206
111
119
175
290
233
110
-4
8
-68
-150
-199
-183
126
270
330
345
252
421
581
780
972
886
836
909
1048
1060
1131
1392
1461
1558
1596
1539
1610
1679
1735
1604
1566
1719
1701
1722
1720
1528
1351
1336
1360
1255
1149
1052
1056
1018
928
958
845
757
777
814
792
693
618
513
511
579
582
602
642
627
639
622
477
416
458
330
244
218
169
244
138
130
212
171
350
524
501
524
592
749
1029
1122
1009
931
959
1019
1199
1327
1412
1511
1430
1408
1474
1486
1409
1235
1200
1268
1302
1441
1408
1165
959
956
1069
1040
1028
1077
1038
942
942
971
1000
1067
976
748
680
684
882
1022
851
812
673
634
703
629
756
751
696
746
600
593
643
641
632
585
766
927
1034
1138
1054
856
841
912
974
1123
991
1016
1140
1106
1200
1164
1058
922
871
932
943
894
812
597
590
720
591
730
626
544
720
566
654
654
561
643
708
800
858
876
848
958
1032
1083
1070
935
922
931
1079
1180
1192
1164
1039
1068
942
900
1050
1123
1222
1175
1009
877
1045
1081
1038
1122
1177
1326
1250
1202
1157
1173
1307
1355
1420
1440
1441
1359
1217
1147
1297
1403
1348
1315
1206
1281
1416
1426
1387
1301
1397
1424
1330
1400
1341
1319
1379
1174
1193
1086
852
979
925
875
841
780
572
237
203
182
338
346
144
-10
-287
-322
-323
-278
-151
-122
-99
-84
-58
16
84
49
294
539
601
727
645
671
885
1022
1169
1146
1163
1328
1360
1392
1432
1387
1306
1311
1323
1400
1541
1472
1397
1336
1116
1018
1189
1231
1181
1130
952
983
1093
1148
1110
1023
1094
1085
1073
1110
1087
1013
986
978
830
768
856
836
747
741
828
925
766
617
561
591
745
715
789
934
967
1067
1082
1063
1211
1144
1055
1244
1240
1257
1316
1287
1392
1352
1316
1346
1286
1227
1189
1222
1207
1189
1189
1092
1008
868
729
678
564
674
729
627
522
383
558
553
504
542
458
523
374
278
343
321
296
281
399
358
159
82
274
481
500
541
413
272
409
577
514
505
495
396
421
363
465
619
646
723
796
803
792
860
829
808
783
883
999
894
890
963
1042
920
786
865
894
976
998
969
1042
1058
1170
1215
1137
1124
1149
1266
1379
1391
1209
1155
1127
931
936
1001
944
819
755
651
379
232
297
383
352
336
418
341
43
-178
-43
218
335
407
506
365
160
302
433
614
789
798
777
583
587
637
684
753
692
702
591
591
495
321
262
213
397
443
497
568
482
419
434
677
844
819
612
456
550
606
703
770
853
868
695
687
788
766
774
750
747
898
799
819
864
723
637
584
546
402
503
604
631
665
578
521
500
542
525
595
764
696
622
697
604
668
795
715
577
462
609
722
670
546
358
202
260
427
575
662
593
572
486
414
425
668
1002
994
922
899
896
907
1016
1109
1025
956
1011
1100
1174
1212
1035
964
1014
996
1092
991
736
703
740
805
973
862
682
661
564
562
450
258
-23
-230
-97
24
51
-52
-127
-154
-259
-257
-287
-459
-432
-264
-162
-39
116
163
101
-13
24
85
140
316
274
404
563
681
801
680
656
654
656
734
995
1026
990
1142
879
813
1047
1058
1102
1242
1365
1329
1156
1090
1033
1047
1247
1243
1150
1116
1148
1007
728
737
573
571
649
369
211
174
104
-76
-145
-157
-220
-257
-371
-466
-487
-259
-66
-61
-26
-84
-16
-8
35
207
348
556
651
834
792
630
685
728
979
1253
1364
1362
1244
1163
1149
1112
1163
1161
1035
1100
1169
1135
975
788
724
730
906
938
717
523
475
419
266
230
123
37
92
-10
-69
-93
-217
-268
-313
-247
-259
-481
-576
-703
-724
-609
-372
-92
-93
-18
-88
-190
-43
62
334
457
487
597
580
684
754
780
958
1070
1056
1154
1141
1057
1091
1034
1014
999
1048
1031
951
920
798
873
974
874
672
497
435
364
245
248
214
190
235
140
131
-23
-104
-37
-202
-298
-295
-372
-411
-355
-344
-227
-252
-282
-151
-211
-186
-171
-162
10
235
294
246
316
291
282
311
325
300
333
435
438
528
502
402
376
328
470
527
370
399
403
407
379
109
66
70
122
237
132
218
376
338
271
223
327
472
532
612
547
572
739
800
831
922
975
905
889
767
628
591
584
591
543
799
875
632
609
451
373
336
207
187
48
33
-11
-221
-148
-70
-136
-162
-320
-290
-113
-129
-199
-193
-172
-299
-257
-236
-258
-161
-102
10
71
151
121
61
7
182
444
371
390
419
518
650
582
699
718
541
742
773
695
854
816
784
810
820
793
752
649
513
330
257
331
218
207
200
178
155
56
-91
-244
-214
-408
-437
-397
-465
-306
-214
-222
-420
-491
-438
-316
-135
-108
34
145
56
34
68
78
197
465
728
752
636
573
607
713
789
1019
1155
1006
937
754
645
742
777
830
966
964
736
685
581
431
431
469
431
321
389
299
189
148
148
147
155
275
220
243
59
27
121
-102
-37
-75
-75
-2
35
147
95
110
21
46
124
53
184
243
283
449
345
320
351
343
477
386
574
696
692
856
785
811
728
660
634
688
710
524
554
582
674
703
619
535
377
267
222
82
-137
-103
-118
-173
-294
-479
-315
-396
-560
-412
-352
-225
-34
-28
-83
-122
-181
-169
-51
310
538
566
582
570
769
924
905
841
882
793
736
705
418
477
642
693
831
942
886
736
668
542
494
534
685
709
450
306
150
146
346
451
446
468
586
432
249
295
340
379
304
266
250
192
230
154
126
280
561
504
86
-134
-295
-79
235
289
355
279
197
198
113
-34
95
312
428
438
225
181
106
103
258
299
577
537
433
591
430
576
645
466
620
623
690
740
650
776
863
955
992
1005
924
653
599
611
696
768
604
356
256
327
197
217
304
177
261
171
-71
-202
-266
-151
-271
-131
42
-132
77
15
-97
-82
-93
190
268
251
75
99
266
150
206
110
117
296
365
513
348
133
69
110
293
191
139
279
300
510
464
255
418
467
557
533
423
410
324
431
537
604
605
510
425
398
371
481
679
583
556
447
293
249
91
190
334
520
676
570
573
637
737
795
668
695
791
724
746
747
573
563
514
461
574
463
412
367
189
10
-191
-185
14
25
-149
-61
-72
-152
-134
-123
32
20
165
158
24
198
232
278
252
279
301
493
747
736
854
829
894
978
770
635
592
538
569
561
482
486
328
246
267
146
198
261
359
475
362
222
81
68
60
89
158
227
399
256
186
160
63
127
51
221
313
176
183
42
77
124
52
155
260
333
112
19
111
187
451
361
256
324
264
262
287
350
493
553
673
837
616
490
637
727
661
653
824
762
713
733
760
843
814
875
899
693
558
575
631
619
665
698
461
412
356
224
236
77
172
239
46
-105
-251
-91
83
59
-50
-229
-252
-227
-139
86
16
-149
-67
45
177
216
-7
-74
111
155
197
394
622
659
569
498
404
487
687
676
632
543
411
421
390
545
638
675
762
643
588
405
424
668
763
751
621
570
513
609
726
771
855
708
633
598
507
446
317
380
487
446
308
146
167
202
169
347
465
280
245
271
286
420
356
418
456
259
378
418
302
318
353
485
625
747
702
595
573
542
427
337
420
462
605
586
434
331
197
279
280
193
131
110
208
297
349
311
302
343
410
515
491
403
329
389
471
384
384
406
373
325
207
132
112
114
166
202
53
31
156
122
133
103
-19
-23
65
43
21
143
186
255
386
394
402
468
539
663
707
758
826
804
862
832
792
771
814
1041
1142
1096
956
749
627
616
534
605
776
652
554
501
561
711
678
806
923
785
720
770
818
778
785
765
717
912
853
731
892
813
833
943
755
790
761
609
758
689
560
435
403
550
544
475
226
117
103
19
59
78
110
123
163
107
-30
20
24
136
298
166
184
311
324
328
233
276
419
509
616
426
268
402
614
833
817
896
948
687
731
910
925
1055
1094
1134
1262
1215
1146
1236
1328
1252
1170
1019
803
616
503
611
561
387
286
233
239
212
95
-27
34
40
54
-43
-183
-117
-79
79
191
158
10
-84
-64
-95
121
292
447
581
415
502
506
390
501
426
440
610
678
781
842
838
726
508
550
730
900
1108
966
781
743
784
936
782
784
852
711
595
521
665
713
753
615
461
549
474
488
494
554
562
443
478
354
531
767
724
935
1019
1026
1023
933
1033
1122
1019
932
974
1022
1056
1076
929
764
738
615
610
648
552
511
454
427
254
78
230
410
478
481
498
447
463
686
864
1053
1030
862
867
945
948
985
1131
1143
1212
1281
1066
910
843
727
762
747
729
779
682
638
413
275
378
277
338
336
258
231
93
140
173
141
156
227
374
428
417
417
352
389
442
419
492
529
606
694
705
784
802
750
753
752
839
938
1013
1159
1284
1336
1309
1400
1419
1256
1246
1274
1229
1275
1275
1182
1109
1105
1182
1232
1250
1239
1139
897
846
938
991
1076
1005
961
746
519
695
868
903
750
565
427
293
365
522
632
598
674
767
688
698
662
616
448
358
438
430
523
468
388
338
186
337
553
549
403
191
120
114
248
411
469
525
501
494
509
556
636
751
739
778
854
791
770
669
750
994
1174
1176
905
718
829
1005
1115
1146
1000
834
824
984
1019
1055
949
632
762
984
1123
1157
1133
1112
944
970
1039
1193
1254
1004
863
936
1128
1178
968
692
457
341
459
581
659
704
628
496
346
317
371
528
595
503
472
462
477
468
574
814
828
743
681
686
786
710
706
707
681
939
1048
734
467
477
558
688
725
705
630
358
279
438
514
529
453
479
604
592
559
490
566
670
653
734
778
777
822
913
1066
1132
1091
1026
753
559
707
856
969
955
795
562
515
578
494
596
573
452
348
197
148
102
86
229
616
699
718
706
540
699
647
642
723
759
1005
1007
935
936
956
998
1019
1011
859
876
921
836
941
972
891
800
750
738
649
708
659
563
573
491
568
666
655
607
679
791
827
881
747
768
839
770
725
643
746
727
651
596
393
409
495
501
432
401
410
351
326
271
324
341
321
332
186
231
290
265
330
380
586
637
617
535
434
649
669
706
748
765
846
724
799
864
947
1105
1156
1212
1070
1010
988
922
1004
843
808
931
864
888
952
1002
925
910
816
591
635
557
615
867
759
715
699
699
744
620
603
644
680
623
620
623
490
412
363
521
564
515
694
593
447
454
233
226
375
325
396
416
355
402
327
281
383
369
446
510
500
587
537
685
830
757
902
1073
1032
951
975
921
858
989
1044
960
944
943
843
796
860
886
726
556
474
303
170
165
140
80
72
106
57
-3
30
10
58
177
348
468
492
550
488
477
417
467
690
702
719
693
695
770
797
850
845
850
786
743
732
804
680
382
501
609
773
835
757
806
769
771
771
924
946
912
935
912
1094
1179
1219
1210
1070
927
946
936
724
919
1192
1160
1040
830
790
799
787
819
665
512
533
556
507
474
457
550
589
473
542
543
529
568
342
295
275
246
417
348
131
4
169
183
178
327
317
287
32
105
134
27
163
137
179
133
220
402
442
357
370
579
577
590
405
334
469
444
442
290
374
593
706
905
873
684
862
1119
957
701
579
816
1035
1027
1152
983
980
1052
887
895
876
945
731
593
640
577
622
453
323
61
154
478
291
189
32
-10
-136
-233
36
9
11
38
85
93
-18
258
435
416
633
775
730
822
901
954
1056
1096
1258
1291
1207
1059
782
760
870
890
782
515
425
394
401
532
376
195
104
88
151
84
127
196
172
253
289
191
253
290
272
315
286
385
511
513
573
613
437
499
548
483
655
503
325
325
298
420
637
593
472
549
602
681
623
639
606
458
588
619
655
626
415
434
633
708
496
439
342
155
206
170
143
55
20
-31
-167
-160
-112
-36
-100
-103
-54
27
96
16
127
201
430
597
454
577
621
619
753
821
834
869
1024
1084
989
862
699
565
667
676
532
561
493
527
460
202
153
185
322
383
366
246
83
65
171
227
135
82
15
18
52
63
191
282
319
458
422
449
547
540
694
685
757
769
766
927
878
953
1011
1084
1036
898
839
793
857
887
931
794
871
940
845
856
844
979
876
780
729
780
1091
1093
977
753
582
692
707
612
473
559
627
562
525
224
182
267
264
308
135
185
295
308
347
231
185
174
271
372
358
404
420
363
346
290
266
535
555
629
647
418
552
615
701
713
681
777
752
629
518
491
457
565
477
372
435
314
195
150
193
247
245
272
248
101
218
301
169
192
96
88
240
392
518
553
481
454
587
643
715
809
969
1067
968
1031
1189
1182
1171
1276
1214
1205
1268
1147
1200
1178
1155
1202
1071
1098
1177
1235
1302
1280
1061
860
779
629
691
677
598
673
454
194
42
-102
-36
33
-66
-123
-282
-481
-434
-529
-531
-405
-409
-248
-252
-437
-383
-279
-181
55
78
156
299
440
639
568
503
424
587
807
826
852
800
870
908
869
762
663
735
832
780
676
682
584
598
567
453
552
527
547
458
315
435
456
355
302
367
401
537
675
555
483
431
386
397
337
262
203
306
383
337
301
280
328
312
365
352
295
377
434
502
561
574
578
622
751
877
937
964
982
962
888
945
1081
1194
1141
1010
990
1010
1118
1168
1001
905
914
824
857
844
876
697
410
337
220
342
393
315
218
20
-172
-81
-27
-10
69
-75
-141
-237
-285
-306
-200
-128
-12
-2
-104
22
-90
62
72
-18
47
110
188
127
401
355
373
477
338
384
388
420
587
693
377
448
810
689
646
757
679
888
1007
865
1001
776
927
1186
983
821
548
723
879
957
796
663
754
686
953
754
517
560
658
857
869
956
904
943
992
998
1034
1045
1220
1169
1071
1030
923
972
1115
1055
737
600
526
520
603
524
403
148
105
86
101
165
60
255
98
-165
-179
-239
-114
-55
-121
-238
-222
-57
76
85
85
97
66
73
-31
-75
69
284
366
215
166
83
-75
5
127
324
456
340
132
71
317
377
513
734
735
1026
1083
846
846
917
1086
1258
1269
1271
1254
1093
1002
1079
1268
1449
1354
1103
942
945
972
915
869
813
705
480
474
545
352
415
454
317
308
253
294
121
-46
56
68
212
327
353
211
156
328
286
327
470
497
318
185
219
226
346
368
382
416
394
481
323
240
424
435
553
525
224
301
447
511
621
534
430
369
305
334
383
418
481
504
536
502
443
516
490
497
537
470
534
507
425
588
648
644
636
568
507
352
263
162
195
341
365
254
96
178
137
79
135
-23
-93
-48
87
107
14
255
496
490
487
531
608
715
848
968
1003
969
895
887
854
912
1000
885
773
710
744
787
724
635
663
646
451
308
295
451
532
487
302
231
458
356
244
360
204
164
125
-9
209
444
471
462
601
534
334
214
30
137
242
338
389
239
205
136
355
598
628
586
415
414
388
590
723
746
836
512
385
251
200
435
330
388
477
471
650
657
508
355
430
550
647
641
430
472
336
363
794
864
965
1052
819
758
736
589
738
961
932
816
749
767
701
556
624
799
707
701
749
542
449
164
64
264
264
310
78
-36
69
-32
-86
-88
16
117
170
53
-286
-462
-480
-381
-117
69
125
75
-87
-99
-58
105
373
374
499
626
563
670
641
706
846
877
891
821
989
944
891
1081
1141
1245
1396
1436
1265
1096
1027
1133
1083
945
845
532
651
730
620
795
753
536
465
449
506
457
277
438
249
117
336
100
-17
-10
94
80
46
138
-153
-187
-82
-84
27
105
108
57
107
53
128
386
549
616
604
591
451
360
473
550
552
840
1002
815
730
844
1006
981
958
929
965
1054
927
944
1149
1192
1239
1234
991
760
596
554
716
693
554
437
160
34
-138
-126
124
102
10
-230
-358
-399
-509
-382
-162
-121
-303
-272
-54
-125
-225
-260
-302
-143
72
46
67
53
-186
-38
147
268
564
545
585
640
498
637
842
912
995
1181
1232
1236
1284
1215
1270
1372
1457
1376
1267
1223
1179
1234
1161
1059
988
1029
958
596
407
286
250
374
266
139
-113
-313
-189
-264
-322
-390
-324
-70
-256
-421
-261
-195
-186
-217
-182
58
128
230
359
261
222
202
290
387
517
525
478
593
613
723
696
745
913
955
1020
902
739
745
926
1077
1200
1212
1107
1155
920
709
732
627
603
481
501
538
393
249
5
23
26
-47
-21
-88
-231
-342
-181
-163
-167
-47
-269
-398
-338
-260
-39
44
-49
-85
109
255
167
323
462
371
321
159
97
104
24
3
46
64
-24
58
88
-15
10
98
65
14
113
74
102
167
126
253
379
233
177
339
383
531
579
452
438
518
835
911
851
866
656
699
725
816
1188
1170
1044
1092
1270
1389
1428
1464
1307
1216
1091
1067
1220
1244
1218
1043
790
631
561
539
503
339
169
50
-73
-99
-36
25
-140
-340
-318
-335
-262
-148
-181
-179
-177
-63
109
219
375
490
598
677
600
585
575
600
632
655
859
856
837
809
602
552
440
199
13
-45
49
130
108
46
-2
62
-8
-161
-131
-108
-64
30
185
179
12
118
203
207
317
360
453
456
505
589
485
633
873
930
994
983
860
880
972
1012
1091
1189
1120
1054
1050
796
697
662
627
631
529
596
419
304
336
253
415
672
676
446
347
411
403
134
157
141
-117
205
348
276
267
108
187
160
178
314
244
177
236
346
216
253
266
209
574
824
929
843
561
426
294
350
622
635
546
485
299
226
303
288
244
243
133
26
-73
-77
39
69
96
52
60
62
50
87
73
309
291
62
38
-5
-16
99
282
194
63
85
53
31
-2
53
126
126
189
144
75
60
109
192
198
221
310
283
161
241
390
447
350
357
401
287
269
240
202
232
230
258
297
225
260
291
281
306
228
301
242
231
327
110
135
252
242
270
185
110
75
26
59
86
-62
-27
79
34
111
232
237
67
-29
-110
-127
-169
-222
-74
-159
-80
139
178
175
-69
-165
-172
-219
-78
-28
140
151
-13
49
-56
43
215
212
365
288
322
455
239
118
237
439
562
574
489
491
595
593
574
487
440
504
622
715
555
443
456
349
296
193
107
106
84
77
123
199
-113
-243
-149
-212
-103
-167
-103
-75
-187
-197
-300
-316
-320
-110
75
-89
-274
-259
-179
-23
-14
-310
-379
-408
-570
-497
-254
-287
-360
-123
-134
-208
-268
-391
-14
157
211
371
253
365
652
604
438
583
591
790
880
724
877
855
806
760
851
873
679
645
472
250
199
222
170
56
-52
-124
88
-8
-269
-334
-465
-239
-89
-223
-354
-324
-262
-353
-245
-91
-110
-164
-183
-212
-271
-398
-267
-3
11
17
11
-25
-136
-89
149
320
484
457
446
465
255
198
372
538
688
685
714
866
988
858
651
871
922
868
729
365
487
539
591
704
565
588
396
209
268
232
102
92
80
-26
-29
-143
-267
-309
-282
-240
-235
-279
-366
-331
-381
-448
-390
-303
-142
-200
-417
-340
-325
-289
-22
58
33
25
112
270
315
237
165
325
499
533
695
648
472
495
439
382
265
269
482
548
514
507
387
197
239
347
522
678
748
576
385
631
729
690
718
895
892
738
671
409
322
358
505
566
442
426
164
1
41
-195
-261
-185
-318
-398
-335
-395
-535
-533
-382
-320
-409
-428
-426
-445
-520
-428
-245
-167
15
99
61
20
9
142
161
311
299
74
226
246
277
353
335
453
502
364
272
284
299
440
581
642
531
385
232
309
582
523
305
231
330
257
190
77
125
438
431
454
355
157
224
213
109
122
-168
-322
-129
-237
-114
-28
-223
-271
-349
-309
-174
-228
-312
-268
-208
-160
-132
-145
-68
-109
-179
-13
162
306
309
329
352
288
382
343
368
489
396
410
403
374
460
397
347
244
106
178
345
362
89
-94
-160
-103
95
60
-25
-123
-225
-242
-233
-143
-193
-177
-218
-352
-271
-212
-92
-2
61
13
-52
-15
-62
-2
-84
-102
-140
-175
22
-13
-34
2
120
333
192
-75
-228
-224
18
-14
38
91
7
74
-196
-263
-207
-222
-264
-304
-335
-499
-312
-357
-501
-312
-320
-267
-145
-235
-247
-134
-114
1
123
172
347
495
578
656
505
443
821
847
807
869
642
743
818
862
1101
960
751
653
511
559
561
485
355
143
65
-80
-175
-203
-264
-175
-223
-331
-402
-575
-655
-682
-683
-580
-397
-305
-285
-285
-325
-302
-258
-53
60
-52
6
143
133
188
432
455
446
496
567
692
649
857
788
494
558
331
484
813
670
697
416
300
336
408
665
410
418
385
245
92
31
123
-34
25
73
110
-59
-237
-321
-454
-415
-310
-299
-245
-121
-196
-244
-212
-177
-263
-290
-291
-278
-198
-244
-124
-142
-250
-36
62
68
208
331
455
468
302
139
261
524
664
730
675
582
574
853
931
772
745
688
756
702
817
832
617
495
136
46
62
245
590
591
507
270
144
104
64
151
18
-80
-191
-165
-79
-342
-368
-280
-192
42
-95
-362
-383
-359
-244
-77
-10
-103
-333
-461
-383
-226
62
223
254
172
36
225
219
286
427
452
695
699
587
540
467
466
609
678
780
830
691
635
498
473
542
652
698
499
423
418
353
254
129
109
21
-66
14
-24
-103
-78
15
-12
-240
-468
-443
-280
-272
-30
85
-14
8
-101
13
72
-67
-118
-201
-141
-22
55
185
264
338
249
93
88
42
27
-51
55
224
297
374
264
185
229
156
66
305
355
390
351
179
233
178
294
373
294
150
69
224
354
477
327
249
340
167
102
108
165
211
374
423
462
774
510
444
654
423
430
602
481
298
262
98
75
194
141
91
-101
-193
-77
-47
-56
58
64
-108
-277
-423
-504
-563
-228
-181
-304
-164
-275
-268
-220
-61
-5
247
363
74
254
88
-87
111
140
258
362
424
409
389
349
355
650
534
364
432
272
284
256
300
468
471
341
164
108
142
241
366
484
233
29
4
-131
108
241
366
548
399
305
-2
-94
166
178
170
180
102
118
192
19
-179
-82
151
136
138
198
188
223
386
542
343
364
372
236
378
381
335
441
624
797
697
621
482
367
459
322
498
516
382
380
187
206
309
534
411
224
229
107
91
224
268
188
367
252
0
-100
-54
323
407
332
331
168
143
187
113
112
24
-81
-91
-97
80
254
256
159
126
304
287
321
400
308
263
186
304
260
218
248
175
198
124
222
224
149
-21
-187
-17
-15
-84
-102
-13
17
93
215
-16
-132
-102
-101
-52
-96
-230
-100
98
75
106
82
82
105
163
185
180
217
190
371
380
352
391
413
494
461
504
516
691
640
483
571
430
554
764
617
410
261
205
179
207
201
84
-32
-68
77
241
398
433
165
-14
-125
-282
-335
-267
-60
1
-117
-62
-58
-210
-116
19
95
230
170
159
286
245
274
290
189
175
126
210
353
453
570
600
680
568
452
528
544
769
916
713
395
98
152
404
478
447
334
154
160
212
126
64
-63
-43
47
146
128
-188
-360
-462
-364
-173
-38
114
7
-398
-768
-720
-584
-191
136
-106
-499
-881
-822
-360
8
137
156
-18
-178
-266
-207
143
315
386
165
-9
186
375
589
582
578
643
606
507
233
245
334
266
344
123
-22
96
259
538
428
252
259
209
373
571
618
588
464
528
600
540
540
469
259
167
219
228
179
74
-100
-420
-379
-199
-171
78
-78
-387
-445
-445
-202
-29
65
16
-36
-29
-62
305
558
653
665
521
483
591
938
875
566
501
436
579
603
414
486
512
461
383
76
-170
-107
-26
-104
-117
-178
-289
-292
-311
-283
-179
-142
-49
106
10
-152
-150
-158
-139
-66
-17
-17
-21
-160
-314
-273
-290
-307
-270
-246
-297
-451
-647
-688
-493
-320
-84
66
64
39
-45
82
269
454
661
610
465
502
645
674
810
808
554
612
627
598
765
885
1004
982
776
553
516
630
574
459
331
320
446
497
484
342
249
232
324
378
287
326
398
382
196
71
-35
61
314
216
39
-214
-235
-11
135
205
65
-187
-329
-334
-289
-244
-454
-690
-738
-663
-587
-397
-99
-252
-427
-425
-489
-421
-365
-385
-1
381
395
577
382
151
246
313
482
366
398
451
382
550
550
444
349
333
87
-101
-5
-97
-211
-406
-673
-741
-606
-539
-544
-483
-478
-454
-310
-237
-300
-307
-171
-174
-106
74
136
552
618
372
336
196
399
618
535
642
627
582
706
817
1010
955
910
1047
1195
1200
1154
1118
1018
908
768
754
746
958
967
745
657
410
168
8
-50
-8
-10
-151
-264
-468
-573
-545
-622
-566
-663
-897
-931
-855
-818
-714
-698
-871
-818
-659
-668
-619
-581
-475
-271
-288
-159
-41
47
215
225
341
321
320
500
669
763
672
609
497
498
622
674
790
668
532
532
410
409
364
388
383
290
351
366
400
323
349
399
371
475
424
332
279
276
394
406
396
425
306
115
-43
-88
-88
85
79
-54
33
-66
-8
-36
-59
-35
-139
-60
-221
-215
-212
-197
-67
-221
-62
-20
-163
-171
-142
-157
-194
25
13
6
-22
-156
36
49
-21
11
35
52
31
128
159
305
424
299
412
336
146
119
125
407
557
694
661
425
499
550
520
513
662
622
573
682
606
671
667
660
608
483
401
248
199
211
325
440
450
224
68
116
71
122
197
125
23
85
153
274
351
292
218
189
308
167
168
205
143
242
254
390
399
300
267
266
328
523
408
190
352
325
314
281
228
277
317
289
36
-1
71
132
201
220
228
0
-26
123
173
233
230
332
335
421
653
735
777
554
450
400
303
629
616
346
284
269
249
66
-47
-192
-190
-101
-134
-33
-18
-27
-9
-53
-167
-81
31
-29
120
189
251
267
443
606
348
518
403
239
514
381
516
717
701
702
450
172
242
517
517
643
589
268
266
406
572
432
372
255
216
310
276
468
263
283
438
223
259
398
484
391
503
827
779
652
671
566
487
580
786
851
790
771
499
322
430
551
463
141
205
358
344
476
500
346
115
-26
-104
-73
90
209
249
76
-84
-22
20
130
139
47
100
-116
-151
114
340
417
113
-93
-219
-235
-11
141
151
80
102
63
52
201
334
500
505
412
460
483
605
801
770
595
281
293
397
210
409
476
316
345
167
-7
159
169
262
436
121
40
23
-64
-27
45
154
257
307
36
-11
-47
-4
119
171
328
79
111
267
352
440
330
555
614
571
674
613
592
690
885
889
811
827
806
734
630
696
679
624
814
1027
1010
922
965
946
756
648
665
663
724
660
513
447
534
636
486
568
603
359
301
272
350
237
15
-124
-114
126
-12
-77
-194
-436
-340
-207
-113
-172
-192
-159
-197
-139
-137
-209
-199
-119
-60
-85
-22
173
242
115
66
132
312
445
509
558
405
524
703
652
738
846
740
770
977
910
855
728
616
754
763
772
700
447
405
309
75
173
214
-38
-58
254
400
191
60
39
-131
-63
24
68
293
360
355
208
402
670
527
639
784
851
851
914
1233
1258
1192
1186
1068
1104
1250
1205
1076
1100
1030
909
897
974
978
674
516
357
155
340
182
-105
46
164
-65
-306
-99
50
83
167
66
67
139
40
22
116
221
329
321
578
720
563
741
726
531
478
488
665
716
812
972
871
774
753
604
402
401
534
359
262
484
347
59
9
145
228
160
-82
-348
-264
-131
-52
-101
-122
52
58
-17
46
108
26
76
251
285
172
155
147
201
456
495
683
831
656
591
605
836
963
954
956
787
702
628
673
883
949
946
868
907
1072
1038
1056
1134
995
807
759
784
716
469
358
430
444
573
529
462
433
252
263
155
163
211
59
37
-13
103
299
359
325
281
280
250
308
306
209
54
-19
147
329
338
390
417
321
429
443
478
526
494
522
373
386
497
598
726
669
581
425
313
347
359
422
372
313
348
367
610
710
613
582
632
545
292
313
341
547
687
491
291
145
247
242
328
451
372
343
82
-120
-36
47
29
-87
-128
-143
-143
-85
-36
46
106
196
171
109
102
1
116
231
184
161
91
158
218
151
131
163
375
529
415
208
139
206
160
262
373
238
246
241
81
23
-37
57
201
266
456
331
175
75
-33
121
247
451
487
334
296
206
179
201
123
193
168
17
107
133
72
-57
-228
-345
-428
-368
-355
-249
-187
-300
-327
-469
-392
-123
-120
-111
-198
-377
-364
-271
-225
-231
-98
12
140
227
-23
-103
-69
-99
-15
62
53
-66
-126
-104
-93
-136
-184
-166
-72
42
132
174
83
-28
-9
156
132
77
195
237
240
147
58
77
160
86
-51
-226
-392
-272
-308
-471
-630
-770
-672
-573
-552
-572
-700
-771
-778
-842
-901
-918
-876
-844
-793
-757
-797
-711
-525
-393
-385
-378
-443
-509
-422
-505
-448
-425
-459
-356
-372
-245
-235
-306
-375
-397
-368
-330
-130
-136
-244
-405
-358
-101
-64
14
-63
-135
75
187
223
275
252
218
249
206
169
185
116
10
17
-7
-316
-374
-268
-300
-380
-547
-640
-667
-451
-417
-615
-714
-776
-727
-690
-641
-540
-480
-439
-364
-516
-547
-477
-516
-440
-420
-264
-318
-462
-445
-440
-440
-609
-672
-586
-512
-635
-789
-820
-591
-345
-464
-548
-667
-644
-391
-244
-197
-136
-71
26
122
111
241
353
557
651
463
473
533
553
605
707
731
658
531
459
388
350
430
313
207
72
-110
-166
-212
-95
-191
-367
-328
-645
-669
-537
-613
-320
-361
-443
-399
-473
-438
-485
-349
-236
-123
-41
-75
-6
-61
-15
123
182
231
327
468
637
746
852
1019
958
1038
1262
1335
1448
1426
1349
1477
1559
1588
1598
1462
1366
1180
1069
1076
1086
1197
1049
950
889
646
570
558
661
547
386
389
177
263
405
482
658
516
489
511
464
609
789
885
800
746
664
810
1039
1080
1202
1126
1115
1142
1162
1299
1365
1385
1148
1120
1290
1317
1415
1346
1269
1287
1339
1484
1479
1371
1385
1431
1439
1485
1407
1272
1241
1163
1147
1198
1223
1230
1103
1019
1062
969
905
946
931
1057
1079
973
784
728
985
1011
1066
1102
1091
1146
1148
1475
1546
1513
1650
1558
1655
1764
1907
1928
1781
1927
1987
2133
2166
2017
2025
1801
1706
1747
1740
1816
1602
1440
1500
1394
1314
1338
1303
1185
1018
986
1064
1085
1198
1141
1143
1299
1288
1422
1358
1260
1432
1639
1720
1779
1956
1991
2044
2189
2304
2340
2278
2356
2518
2458
2491
2496
2315
2291
2235
2323
2456
2299
2168
2120
2088
2046
1912
1906
1885
1656
1533
1358
1234
1292
1214
1166
1139
1013
1021
1049
963
864
880
1054
1087
1201
1398
1326
1312
1319
1327
1491
1531
1668
1865
1776
1816
2035
2260
2393
2362
2382
2426
2518
2602
2691
2652
2468
2593
2691
2539
2553
2703
2717
2686
2636
2585
2422
2197
2176
2171
2317
2293
2073
2060
1976
1877
1848
1824
1770
1632
1645
1773
1810
1789
1695
1810
1847
1736
1918
1978
1836
1937
2102
2198
2370
2284
2339
2521
2314
2347
2584
2506
2483
2697
2626
2492
2574
2661
2816
2634
2490
2720
2866
2919
2643
2561
2618
2630
2738
2550
2535
2536
2651
2708
2601
2672
2439
2341
2285
2309
2460
2328
2287
2207
2144
2246
2451
2472
2396
2328
2202
2343
2372
2471
2573
2451
2462
2409
2381
2475
2540
2541
2551
2614
2443
2155
2084
2047
2070
2148
2236
2374
2339
2155
2022
2131
2200
2129
2035
1946
2012
2057
2203
2246
2195
2249
2346
2425
2384
2456
2560
2714
2828
2855
2799
2767
2900
2973
3153
3171
3106
3280
3281
3194
3144
3145
3195
3111
3028
3031
3016
3032
3040
3057
2959
2771
2886
2875
2700
2722
2704
2681
2564
2449
2384
2390
2504
2485
2439
2359
2410
2369
2263
2357
2369
2445
2474
2474
2492
2409
2270
2252
2428
2490
2621
2748
2720
2691
2679
2754
2774
2906
2998
2917
3081
3123
3135
2980
2768
3097
3185
3165
3053
2877
2858
2804
3003
2999
2843
2792
2700
2606
2600
2616
2703
2825
2657
2550
2559
2581
2575
2628
2765
2780
2811
2759
2788
2727
2619
2693
2728
2749
2806
2827
2776
2947
3018
3012
3089
3130
3173
3217
3188
3120
3274
3325
3359
3434
3537
3567
3485
3427
3181
3060
3221
3412
3398
3323
3169
3165
3278
3124
3120
2993
2949
2951
2669
2725
2677
2654
2794
2841
2813
2633
2654
2610
2499
2408
2459
2572
2567
2545
2414
2432
2448
2474
2585
2690
2770
2821
2846
2712
2693
2757
2816
2910
2875
2768
2799
2847
2933
3100
3173
3202
3151
3223
3258
3299
3479
3538
3594
3520
3435
3428
3470
3536
3486
3506
3566
3591
3438
3180
3127
3165
3096
2927
2861
2978
2971
2889
2862
2684
2561
2522
2480
2430
2389
2517
2630
2635
2570
2590
2778
2871
2917
3033
3076
2999
2904
2837
2952
3238
3519
3626
3412
3171
3156
3331
3446
3467
3486
3498
3536
3447
3365
3355
3322
3432
3619
3647
3600
3496
3450
3423
3320
3380
3319
3245
3336
3280
3213
3066
2985
3081
3112
3194
3153
3060
3061
3027
3142
3268
3135
2967
2908
2862
2807
2860
3022
3007
2950
2980
2935
2894
2958
2980
2888
2814
2757
2811
2881
2789
2778
2932
3019
3088
3097
3050
3074
3046
3111
3153
3236
3432
3435
3501
3585
3539
3576
3554
3524
3657
3613
3503
3468
3454
3568
3610
3639
3583
3485
3464
3468
3484
3454
3525
3621
3646
3670
3681
3665
3635
3603
3632
3695
3724
3712
3559
3460
3533
3544
3481
3399
3290
3158
3000
2878
2938
3070
3142
3059
2764
2568
2612
2675
2714
2797
2753
2688
2754
2743
2771
2967
3036
3091
3220
3325
3442
3458
3520
3629
3747
3812
3764
3802
3695
3592
3676
3761
3762
3588
3515
3431
3403
3455
3520
3611
3408
3349
3340
3263
3279
3249
3186
3021
3108
3327
3445
3417
3268
3154
3251
3434
3474
3684
3712
3765
3885
3697
3748
3873
4026
4132
4058
4137
4030
3902
3941
3990
4130
4083
3948
3917
3924
3781
3648
3713
3566
3445
3506
3491
3460
3411
3341
3280
3263
3226
3292
3314
3252
3268
3203
3097
2991
3080
3157
3118
3096
2964
2851
2924
3071
3076
3199
3318
3267
3257
3225
3255
3470
3740
3794
3672
3683
3850
3939
3970
4078
4088
3978
3962
4008
4111
4104
4218
4230
3860
3940
3876
3830
4089
3836
3759
3707
3654
3626
3285
3296
3384
3467
3541
3398
3404
3420
3531
3724
3575
3361
3348
3323
3308
3363
3288
3344
3310
3171
3274
3251
3284
3281
3341
3602
3658
3760
3891
3864
3927
3872
3798
3973
3994
3900
3873
3932
4148
4143
4119
4190
4005
4063
4076
3907
3992
4033
4027
3839
3758
3810
3813
3885
3762
3773
3828
3663
3648
3791
3694
3635
3624
3438
3485
3566
3588
3749
3822
3743
3555
3408
3460
3481
3449
3332
3188
3237
3307
3284
3299
3301
3334
3364
3269
3378
3453
3497
3616
3643
3781
3772
3849
3913
3756
3759
3896
4083
4033
3921
3896
3879
3940
3933
3944
3908
3797
3813
3740
3690
3726
3664
3750
3782
3807
3797
3636
3474
3348
3469
3630
3685
3645
3611
3517
3467
3583
3624
3692
3704
3675
3688
3749
3827
3773
3713
3681
3733
3843
3831
3953
4055
3965
3981
3984
3999
3924
3873
3955
3869
3916
4020
4068
4159
4200
4236
4202
4166
4099
4087
4007
3852
3790
3686
3785
3877
3881
3830
3667
3708
3821
3729
3567
3512
3361
3323
3365
3442
3734
3688
3574
3539
3449
3507
3383
3354
3318
3248
3335
3234
3200
3255
3411
3555
3510
3505
3510
3430
3390
3536
3694
3850
3906
3971
4067
4056
4178
4112
4131
4358
4448
4458
4290
4220
4227
4269
4433
4481
4541
4515
4453
4533
4414
4267
4229
4258
4341
4220
4098
3899
3644
3649
3544
3520
3680
3628
3514
3548
3547
3416
3359
3322
3190
3050
3118
3241
3256
3201
3146
3243
3394
3473
3419
3335
3435
3723
3802
3646
3689
3772
3765
3952
4063
4141
4255
4192
4247
4166
4073
4194
4220
4187
4212
4297
4202
4213
4265
4183
4242
4119
4074
4121
4043
4097
4143
4048
3884
3780
3665
3665
3732
3726
3660
3479
3436
3405
3382
3352
3347
3456
3285
3338
3407
3267
3412
3447
3431
3501
3695
3777
3681
3695
3757
3967
4068
3871
3801
3841
3874
4061
4094
4179
4215
4072
4176
4179
4142
4127
4134
4168
4068
4082
4060
3971
4078
4242
4262
4162
4060
4100
4088
3997
4051
4221
4334
4282
4243
4217
4157
4106
4009
3978
4021
3767
3566
3663
3658
3543
3536
3650
3574
3553
3413
3342
3421
3318
3397
3313
3431
3631
3631
3672
3693
3923
3915
3971
4079
3927
3969
3928
3834
3771
3603
3658
3777
3814
3820
3690
3635
3509
3408
3609
3633
3626
3722
3636
3583
3566
3563
3687
3893
3971
3854
3808
3894
3902
3869
3899
3966
3998
4050
4063
3984
4014
3986
3955
3904
3779
3690
3682
3715
3605
3511
3345
3294
3303
3282
3260
3048
3016
3114
3116
2913
2889
3085
3159
3343
3519
3493
3498
3610
3643
3393
3317
3788
4054
4200
4256
4067
4219
4340
4347
4441
4674
4997
4793
4669
4581
4398
4474
4568
4447
4259
4268
4056
4163
4066
3697
3643
3587
3781
3591
3390
3285
3093
3333
3264
3255
3327
3207
3192
2973
2854
2872
2964
3100
3196
3146
2989
3006
3075
3150
3069
3101
3342
3376
3315
3149
3189
3419
3425
3387
3330
3391
3507
3521
3546
3675
3821
3711
3624
3593
3536
3707
3858
3848
3758
3826
4106
4160
4198
4212
4172
4254
4115
4202
4436
4651
4768
4402
4304
4328
4166
3942
3789
3912
3875
3908
3898
3719
3711
3626
3590
3554
3414
3407
3251
2993
2931
2900
2849
2911
2975
3079
3218
3138
3072
3038
2977
2994
3024
3136
3163
3183
3194
3259
3534
3569
3712
3872
3684
3717
3704
3771
4121
4187
4023
3917
4038
4133
4094
4068
4001
4020
4046
4070
3955
3795
3738
3542
3541
3604
3537
3581
3467
3303
3384
3311
3202
3362
3482
3485
3448
3435
3327
3334
3429
3354
3379
3373
3253
3186
3152
3007
3069
3360
3437
3387
3240
3116
3146
3145
3218
3334
3379
3415
3338
3320
3333
3406
3609
3782
3905
4058
4160
4248
4273
4159
4257
4329
4350
4373
4287
4262
4265
4183
4126
4153
4081
4057
4110
4125
4131
4083
3939
3916
3879
3781
3972
3916
3694
3859
3902
3846
3908
3843
3806
3732
3610
3569
3511
3473
3451
3431
3392
3286
3139
2960
2791
2846
2877
2830
2819
2616
2556
2574
2501
2436
2292
2284
2408
2498
2601
2693
2750
2779
2914
3109
3059
3093
3321
3334
3264
3296
3399
3559
3701
3848
4015
4087
4110
4064
4034
4203
4313
4279
4303
4271
4151
4108
4034
3951
4051
4036
4010
4050
3931
3845
3697
3544
3346
3240
3192
3056
3072
3002
2917
2790
2691
2678
2562
2618
2470
2216
2266
2216
2319
2364
2449
2613
2477
2583
2518
2568
2801
2935
3126
3111
3327
3275
3148
3236
3325
3546
3415
3429
3383
3303
3442
3368
3479
3502
3460
3465
3318
3310
3296
3270
3314
3236
3123
3017
3051
3136
2898
2614
2566
2431
2389
2405
2150
2047
1937
1666
1448
1315
1244
1208
1231
1162
1007
893
794
608
666
915
1037
1105
1113
1275
1431
1459
1641
1769
1857
2072
2227
2392
2715
2887
3042
3302
3270
3350
3381
3364
3508
3444
3573
3682
3505
3439
3408
3222
3072
2957
2786
2703
2686
2622
2432
2230
2099
2040
2048
2021
1886
1697
1596
1488
1444
1483
1442
1434
1279
1075
980
872
1009
1131
1001
882
860
807
791
932
933
936
927
922
1063
1208
1408
1375
1382
1413
1464
1788
1988
2151
2114
2045
2069
2032
2119
2140
2221
2315
2349
2275
2214
2227
2095
2201
2258
2103
2013
1876
1661
1487
1326
1267
1276
1257
1378
1214
1060
993
836
812
621
617
705
665
704
657
706
862
851
739
645
641
721
724
760
886
1023
957
871
1035
1093
1266
1386
1377
1344
1208
1240
1387
1517
1489
1541
1553
1624
1813
1810
1863
1927
1983
1906
1800
1780
1773
1861
1818
1719
1703
1621
1513
1435
1352
1380
1265
1121
1070
1028
1124
1089
1038
982
824
661
679
712
652
745
657
688
749
614
694
566
516
574
511
601
568
495
518
443
165
182
210
211
398
340
488
598
595
541
427
474
455
688
880
945
1062
1055
1113
1160
1207
1231
1235
1348
1321
1193
1127
1019
1041
1185
1135
1093
1161
1077
999
913
904
1058
1074
1065
1042
970
959
928
879
824
919
1067
1166
1156
1015
1001
959
951
834
715
854
693
491
449
295
290
273
178
229
88
-69
-39
-65
-34
-47
-34
85
209
326
357
364
410
606
677
626
649
625
739
773
725
778
831
789
818
736
546
632
587
574
521
450
558
526
580
688
644
529
526
565
612
593
432
408
430
319
251
278
281
240
219
109
71
191
148
112
138
15
-109
-120
-107
29
200
166
133
179
168
159
172
191
275
350
413
378
365
493
448
364
361
386
551
699
777
768
654
663
705
646
672
697
623
566
488
343
300
286
276
453
395
285
272
162
114
-41
64
139
91
132
-13
-90
-134
-90
-71
-146
-342
-422
-366
-435
-320
-318
-431
-467
-618
-746
-838
-888
-730
-529
-405
-238
-267
-506
-606
-512
-396
-227
-79
-72
-55
-141
-136
-10
34
227
336
363
431
363
248
136
179
275
346
302
184
182
139
270
318
239
265
214
287
329
333
379
270
256
355
460
545
493
362
215
258
268
81
62
111
132
90
87
177
166
-5
-136
-92
-110
65
89
-164
-114
-186
-190
-211
-322
-143
-277
-389
-376
-439
-411
-475
-408
-420
-461
-486
-550
-460
-489
-432
-303
-440
-530
-522
-546
-378
-257
-205
-203
-359
-284
-215
-184
-95
-66
-158
-226
-27
18
27
-34
-180
-89
13
-43
-144
-147
-257
-305
-291
-356
-399
-509
-520
-526
-559
-578
-662
-670
-573
-565
-538
-424
-400
-371
-354
-266
-256
-222
-62
-31
9
92
188
118
30
2
52
77
-19
102
-4
-272
-321
-325
-221
-187
-236
-310
-395
-477
-598
-530
-426
-432
-505
-592
-535
-478
-535
-626
-627
-451
-397
-558
-647
-666
-690
-652
-515
-379
-297
-309
-350
-321
-373
-382
-266
-248
-275
-337
-318
-213
-226
-97
-76
-185
-139
-195
-174
-104
0
116
36
45
-43
-196
-207
-257
-290
-340
-401
-516
-654
-740
-843
-883
-897
-882
-907
-1021
-1035
-1097
-1190
-1241
-1257
-1248
-1207
-1139
-1180
-1067
-866
-814
-806
-716
-750
-880
-831
-783
-681
-599
-452
-276
-313
-328
-437
-478
-396
-273
-110
-180
-134
-111
-266
-252
-266
-317
-222
-156
-159
-161
-236
-292
-305
-293
-260
-200
-251
-294
-167
-227
-396
-487
-571
-652
-627
-536
-520
-486
-593
-728
-665
-681
-711
-699
-740
-776
-842
-910
-826
-704
-731
-768
-813
-822
-805
-817
-818
-872
-822
-749
-783
-802
-890
-903
-835
-925
-920
-957
-1015
-982
-1043
-1057
-1215
-1153
-1097
-1132
-874
-1026
-1109
-895
-917
-964
-983
-1069
-1099
-987
-1012
-1074
-1036
-983
-1007
-996
-793
-652
-577
-565
-278
-135
-255
-148
-236
-155
-11
4
55
-74
-31
64
82
31
-250
-364
-415
-492
-441
-492
-626
-845
-986
-980
-984
-1040
-1194
-1341
-1357
-1317
-1297
-1311
-1370
-1345
-1382
-1471
-1481
-1400
-1283
-1158
-992
-923
-818
-836
-827
-703
-690
-511
-422
-480
-441
-365
-287
-244
-155
-18
-25
-156
-110
-40
-140
-250
-202
-90
-110
-179
-260
-420
-593
-597
-619
-611
-552
-639
-635
-727
-819
-793
-851
-943
-1102
-1103
-1200
-1361
-1392
-1374
-1303
-1512
-1681
-1745
-1774
-1698
-1564
-1396
-1390
-1337
-1388
-1426
-1328
-1339
-1190
-1158
-1215
-1185
-1126
-953
-932
-743
-537
-634
-653
-605
-575
-534
-490
-475
-344
-229
-333
-386
-383
-374
-254
-276
-539
-541
-524
-706
-725
-840
-833
-814
-971
-970
-1093
-1130
-1107
-1200
-1276
-1389
-1266
-1257
-1299
-1260
-1274
-1102
-1199
-1309
-1407
-1539
-1340
-1303
-1191
-1092
-1178
-1084
-1144
-1153
-1034
-988
-942
-891
-749
-725
-649
-591
-622
-557
-588
-583
-365
-270
-390
-470
-603
-538
-559
-667
-544
-520
-561
-832
-979
-1061
-1121
-978
-1005
-1064
-1230
-1360
-1417
-1412
-1296
-1227
-1204
-1334
-1456
-1419
-1226
-1149
-1085
-924
-933
-839
-780
-759
-557
-504
-522
-562
-557
-321
-211
-247
-425
-587
-560
-725
-658
-600
-824
-763
-882
-1070
-1075
-1203
-1233
-1395
-1480
-1366
-1397
-1348
-1500
-1622
-1646
-1587
-1560
-1754
-1579
-1474
-1445
-1435
-1458
-1358
-1374
-1237
-993
-912
-961
-949
-1025
-1068
-1164
-1129
-1015
-1037
-797
-846
-941
-920
-964
-838
-775
-702
-709
-664
-661
-725
-627
-578
-540
-516
-606
-844
-951
-881
-879
-920
-986
-1045
-1115
-1227
-1297
-1394
-1412
-1276
-1398
-1528
-1435
-1420
-1372
-1388
-1500
-1413
-1376
-1391
-1313
-1340
-1360
-1406
-1421
-1340
-1294
-1160
-1068
-1072
-1028
-1048
-1124
-1150
-995
-839
-763
-673
-734
-844
-832
-764
-770
-771
-879
-909
-717
-658
-707
-848
-870
-732
-819
-886
-866
-958
-1088
-1078
-939
-964
-1074